0,0
1,1
2,2
3,3
4,4
5,5
6,6
7,7
8,8
9,9
10,10
11,11
12,12
13,13
14,14
15,15
16,16
17,17
18,18
19,19
20,20
21,21
22,22
23,23
24,24
25,25
26,26
27,27
28,28
29,29
30,30
31,31
32,32
33,33
34,34
35,35
36,36
37,37
38,38
39,39
40,40
41,41
42,42
43,43
44,44
45,45
46,46
47,47
48,48
49,49
50,50
51,51
52,52
53,53
54,54
55,55
56,56
57,57
58,58
59,59
60,60
61,61
62,62
63,63
64,64
65,65
66,66
67,67
68,68
69,69
70,70
71,71
72,72
73,73
74,74
75,75
76,76
77,77
78,78
79,79
80,80
81,81
82,82
83,83
84,84
85,85
86,86
87,87
88,88
89,89
90,90
91,91
92,92
93,93
94,94
95,95
96,96
97,97
98,98
99,99

1,0,0.000008
2,0,0.131538
2,1,0.755605
3,0,0.458650
4,0,0.532767
4,1,0.218959
4,2,0.047045
5,0,0.678865
5,3,0.679296
6,5,0.934693
7,5,0.383502
8,4,0.519416
9,4,0.830965
10,3,0.034572
11,6,0.053462
12,0,0.529700
12,1,0.671149
13,1,0.007698
13,2,0.383416
13,4,0.066842
14,13,0.417486
15,1,0.686773
15,13,0.588977
16,13,0.930436
16,14,0.846167
17,12,0.526929
18,6,0.091965
18,11,0.653919
19,0,0.415999
19,3,0.701191
20,0,0.910321
20,5,0.762198
21,16,0.262453
22,14,0.047465
22,16,0.736082
23,4,0.328234
23,9,0.632639
24,13,0.756410
25,12,0.991037
25,17,0.365339
26,0,0.247039
26,19,0.982550
27,17,0.722660
28,1,0.753356
28,12,0.651519
28,17,0.072686
29,0,0.631635
30,0,0.884707
30,1,0.272710
30,12,0.436411
30,25,0.766495
31,5,0.477732
32,1,0.237774
33,17,0.274907
33,27,0.359265
34,27,0.166507
35,9,0.486517
36,8,0.897656
37,8,0.909208
38,0,0.060564
38,1,0.904653
38,4,0.504523
38,12,0.516292
38,13,0.319033
38,15,0.986642
38,17,0.493977
38,25,0.266145
38,28,0.090733
38,30,0.947764
39,27,0.073749
39,34,0.500707
40,12,0.384142
41,0,0.277082
41,1,0.913817
41,12,0.529747
41,17,0.464446
41,27,0.940980
41,34,0.050084
42,1,0.761514
42,28,0.770205
42,38,0.827817
43,31,0.125365
44,0,0.015868
44,1,0.688455
44,2,0.868247
44,12,0.629543
44,17,0.736225
44,28,0.725412
45,14,0.999458
46,11,0.888572
47,12,0.233195
48,1,0.306322
48,32,0.351015
49,12,0.513274
49,40,0.591114
50,18,0.845982
51,13,0.412081
51,14,0.841511
52,7,0.269317
53,43,0.415395
54,48,0.537304
55,47,0.467917
56,1,0.287212
56,32,0.178328
56,48,0.153720
57,29,0.571655
58,8,0.802406
58,37,0.033054
59,41,0.534450
60,29,0.498480
60,57,0.955361
61,14,0.748293
62,37,0.554584
63,0,0.890737
63,1,0.624849
63,2,0.842040
63,4,0.159768
63,15,0.212752
63,38,0.714710
64,1,0.130427
64,48,0.090990
65,23,0.274588
66,16,0.003000
67,12,0.414293
67,47,0.026876
67,55,0.709820
68,64,0.937897
69,1,0.239911
69,12,0.180896
69,40,0.317540
69,49,0.886991
70,0,0.652059
70,1,0.150335
70,12,0.681346
70,15,0.385815
70,30,0.387725
70,38,0.499741
70,63,0.147533
71,59,0.587187
72,45,0.845576
73,35,0.590109
74,0,0.955409
74,1,0.556146
74,2,0.148152
74,4,0.983305
74,13,0.408767
74,24,0.141820
74,32,0.564899
74,48,0.252126
74,51,0.488515
75,44,0.464031
76,0,0.961095
76,1,0.126031
76,2,0.199757
76,4,0.319250
76,13,0.629269
76,14,0.126712
76,24,0.651254
76,32,0.621634
76,48,0.803073
76,51,0.247842
76,56,0.476432
76,74,0.389314
77,30,0.203250
78,13,0.028375
78,14,0.901673
79,1,0.426497
79,15,0.142021
80,58,0.947487
81,5,0.410313
81,31,0.131189
81,43,0.885648
82,0,0.092174
82,1,0.162199
82,64,0.071064
82,68,0.365339
83,47,0.253057
84,11,0.135109
85,16,0.783153
86,12,0.455307
86,17,0.349524
86,25,0.452300
86,27,0.808945
87,4,0.931674
88,85,0.651646
89,0,0.215248
89,3,0.679592
89,5,0.908922
89,6,0.250126
89,7,0.860860
89,11,0.471262
89,18,0.505956
89,20,0.600394
90,53,0.817561
91,41,0.755844
92,0,0.462245
92,3,0.951367
92,5,0.632739
92,19,0.439330
92,20,0.824697
93,81,0.688981
94,10,0.702207
95,0,0.987145
95,5,0.954415
96,0,0.851270
96,29,0.289316
97,94,0.537426
98,71,0.514435
99,51,0.103434
